150.00000 24343.00000
201.57553 13638.03413
226.82767 10106.22748
237.99269 7951.68023
257.53148 5992.92324
304.98283 3897.07194
352.43417 1863.53658
441.75435 869.47561
483.62318 544.92545
612.02093 212.29338
662.26353 140.90817
698.54986 115.26993
729.25367 96.64423
779.49627 70.77758
821.36510 58.13740
863.23393 47.75462
929.10756 33.18572
969.30164 24.58414
1027.91801 18.98956
1092.11688 14.31181
1154.92013 10.52433
1189.25258 9.42181
1221.63114 8.08944
1256.80096 6.90008
1290.29603 6.05193
1328.81535 5.04501
1364.26430 4.61757
1415.90252 3.62869
1447.53675 3.49441
1495.45331 2.70473
1530.90225 2.46040
1568.86333 2.17573
1602.91664 1.85889
1635.01608 1.66415
1669.34853 1.48251
1708.98435 1.27495
1748.06193 1.14607
1799.97928 0.98562
1831.79960 0.86376
1864.73641 0.77454
1898.78973 0.70083
1932.28480 0.63778
1965.77986 0.56863
2000.94968 0.51748
2032.76999 0.46137
2065.70681 0.41884
2098.08537 0.38147
2133.25519 0.34630
2166.75026 0.31257
2200.24533 0.28680
2233.74039 0.25993
2267.23546 0.23947
2302.40528 0.21142
2334.22559 0.19590
2367.16241 0.17886
2401.21572 0.16560
2434.71079 0.15070
2468.20586 0.13827
2501.70092 0.12480
2535.19599 0.11498
2568.69105 0.10464
2602.18612 0.09562
2635.68119 0.08882
2669.17625 0.08455
2694.29755 0.07726
2718.72104 0.07214