Results

M5:
7000
k:
750
Expected average significance:
0.5121000000000006 0.18100000000000002 0.24429999999999996 0.35450000000000015 0.4959000000000001 0.6073000000000004 0.6928000000000002 0.7450000000000004 0.8093000000000002 0.8842 0.9225000000000001 0.9415 0.9414000000000001 0.9414 0.9511000000000002 0.9607000000000001 0.9607000000000001 0.9608000000000001 0.9803000000000002 0.9804000000000002 0.9804000000000002 0.9803000000000002 0.9902000000000001 1.0000000000000002 1.0000000000000002 1.0000000000000002 1.0000000000000002 1.0000000000000002 1.0000000000000002 1.0000000000000002 1.0000000000000002 1.0000000000000002 1.0000000000000002 1.0000000000000002 1.0000000000000002 1.0000000000000002 1.0000000000000002 1.0000000000000002 1.0000000000000002 1.0000000000000002 1.0000000000000002 1.0000000000000002 1.0000000000000002 1.0000000000000002 1.0000000000000002 1.0000000000000002 1.0000000000000002 1.0000000000000002 1.0000000000000002 1.0000000000000002 1.0000000000000002 1.0000000000000002 1.0000000000000002 1.0000000000000002 1.0000000000000002 1.0000000000000002 1.0000000000000002 1.0000000000000002 1.0000000000000002 1.0000000000000002 1.0000000000000002 1.0000000000000002 1.0000000000000002 1.0000000000000002 1.0000000000000002 1.0000000000000002 1.0000000000000002 1.0000000000000002 1.0000000000000002 1.0000000000000002 1.0000000000000002 1.0000000000000002 1.0000000000000002 1.0000000000000002 1.0000000000000002 1.0000000000000002 1.0000000000000002 1.0000000000000002 1.0000000000000002 1.0000000000000002 1.0000000000000002 1.0000000000000002 1.0000000000000002 1.0000000000000002 1.0000000000000002 1.0000000000000002 1.0000000000000002 1.0000000000000002 1.0000000000000002 1.0000000000000002 1.0000000000000002 1.0000000000000002 1.0000000000000002 1.0000000000000002 1.0000000000000002 1.0000000000000002 1.0000000000000002 1.0000000000000002 1.0000000000000002 1.0000000000000002 1.0000000000000002 1.0000000000000002 1.0000000000000002 1.0000000000000002 1.0000000000000002 1.0000000000000002 1.0000000000000002 1.0000000000000002 1.0000000000000002 1.0000000000000002 1.0000000000000002 1.0000000000000002 1.0000000000000002 1.0000000000000002 1.0000000000000002 1.0000000000000002 1.0000000000000002 1.0000000000000002 1.0000000000000002 1.0000000000000002 1.0000000000000002 1.0000000000000002 1.0000000000000002 1.0000000000000002 1.0000000000000002 1.0000000000000002 1.0000000000000002 1.0000000000000002 1.0000000000000002 1.0000000000000002 1.0000000000000002 1.0000000000000002 1.0000000000000002 1.0000000000000002 1.0000000000000002 1.0000000000000002 1.0000000000000002 1.0000000000000002 1.0000000000000002 1.0000000000000002 1.0000000000000002 1.0000000000000002 1.0000000000000002 1.0000000000000002 1.0000000000000002 1.0000000000000002 1.0000000000000002 1.0000000000000002 1.0000000000000002 1.0000000000000002 1.0000000000000002 1.0000000000000002 1.0000000000000002 1.0000000000000002 1.0000000000000002 1.0000000000000002 1.0000000000000002 1.0000000000000002 1.0000000000000002 1.0000000000000002 1.0000000000000002 1.0000000000000002 1.0000000000000002 1.0000000000000002 1.0000000000000002 1.0000000000000002 1.0000000000000002 1.0000000000000002 1.0000000000000002 1.0000000000000002 1.0000000000000002 1.0000000000000002 1.0000000000000002 1.0000000000000002 1.0000000000000002 1.0000000000000002 1.0000000000000002 1.0000000000000002 1.0000000000000002 1.0000000000000002 1.0000000000000002 1.0000000000000002 1.0000000000000002 1.0000000000000002 1.0000000000000002 1.0000000000000002 1.0000000000000002 1.0000000000000002 1.0000000000000002 1.0000000000000002 1.0000000000000002 1.0000000000000002 1.0000000000000002 1.0000000000000002 1.0000000000000002 1.0000000000000002 1.0000000000000002 1.0000000000000002 1.0000000000000002 1.0000000000000002
Best value of expected average significance:
0.18100000000000002
Expected median significance:
0.49000000000000027 0.08 0.05 0.19000000000000003 0.24000000000000007 1.0000000000000007 1.0000000000000007 1.0000000000000007 1.0000000000000007 1.0000000000000007 1.0000000000000007 1.0000000000000007 1.0000000000000007 1.0000000000000007 1.0000000000000007 1.0000000000000007 1.0000000000000007 1.0000000000000007 1.0000000000000007 1.0000000000000007 1.0000000000000007 1.0000000000000007 1.0000000000000007 1.0000000000000007 1.0000000000000007 1.0000000000000007 1.0000000000000007 1.0000000000000007 1.0000000000000007 1.0000000000000007 1.0000000000000007 1.0000000000000007 1.0000000000000007 1.0000000000000007 1.0000000000000007 1.0000000000000007 1.0000000000000007 1.0000000000000007 1.0000000000000007 1.0000000000000007 1.0000000000000007 1.0000000000000007 1.0000000000000007 1.0000000000000007 1.0000000000000007 1.0000000000000007 1.0000000000000007 1.0000000000000007 1.0000000000000007 1.0000000000000007 1.0000000000000007 1.0000000000000007 1.0000000000000007 1.0000000000000007 1.0000000000000007 1.0000000000000007 1.0000000000000007 1.0000000000000007 1.0000000000000007 1.0000000000000007 1.0000000000000007 1.0000000000000007 1.0000000000000007 1.0000000000000007 1.0000000000000007 1.0000000000000007 1.0000000000000007 1.0000000000000007 1.0000000000000007 1.0000000000000007 1.0000000000000007 1.0000000000000007 1.0000000000000007 1.0000000000000007 1.0000000000000007 1.0000000000000007 1.0000000000000007 1.0000000000000007 1.0000000000000007 1.0000000000000007 1.0000000000000007 1.0000000000000007 1.0000000000000007 1.0000000000000007 1.0000000000000007 1.0000000000000007 1.0000000000000007 1.0000000000000007 1.0000000000000007 1.0000000000000007 1.0000000000000007 1.0000000000000007 1.0000000000000007 1.0000000000000007 1.0000000000000007 1.0000000000000007 1.0000000000000007 1.0000000000000007 1.0000000000000007 1.0000000000000007 1.0000000000000007 1.0000000000000007 1.0000000000000007 1.0000000000000007 1.0000000000000007 1.0000000000000007 1.0000000000000007 1.0000000000000007 1.0000000000000007 1.0000000000000007 1.0000000000000007 1.0000000000000007 1.0000000000000007 1.0000000000000007 1.0000000000000007 1.0000000000000007 1.0000000000000007 1.0000000000000007 1.0000000000000007 1.0000000000000007 1.0000000000000007 1.0000000000000007 1.0000000000000007 1.0000000000000007 1.0000000000000007 1.0000000000000007 1.0000000000000007 1.0000000000000007 1.0000000000000007 1.0000000000000007 1.0000000000000007 1.0000000000000007 1.0000000000000007 1.0000000000000007 1.0000000000000007 1.0000000000000007 1.0000000000000007 1.0000000000000007 1.0000000000000007 1.0000000000000007 1.0000000000000007 1.0000000000000007 1.0000000000000007 1.0000000000000007 1.0000000000000007 1.0000000000000007 1.0000000000000007 1.0000000000000007 1.0000000000000007 1.0000000000000007 1.0000000000000007 1.0000000000000007 1.0000000000000007 1.0000000000000007 1.0000000000000007 1.0000000000000007 1.0000000000000007 1.0000000000000007 1.0000000000000007 1.0000000000000007 1.0000000000000007 1.0000000000000007 1.0000000000000007 1.0000000000000007 1.0000000000000007 1.0000000000000007 1.0000000000000007 1.0000000000000007 1.0000000000000007 1.0000000000000007 1.0000000000000007 1.0000000000000007 1.0000000000000007 1.0000000000000007 1.0000000000000007 1.0000000000000007 1.0000000000000007 1.0000000000000007 1.0000000000000007 1.0000000000000007 1.0000000000000007 1.0000000000000007 1.0000000000000007 1.0000000000000007 1.0000000000000007 1.0000000000000007 1.0000000000000007 1.0000000000000007 1.0000000000000007 1.0000000000000007 1.0000000000000007 1.0000000000000007 1.0000000000000007 1.0000000000000007 1.0000000000000007 1.0000000000000007 1.0000000000000007 1.0000000000000007 1.0000000000000007 1.0000000000000007
Best value of expected median significance:
0.05