Results

M5:
6000
k:
750
Expected average significance:
0.4479390000000009 0.5218630000000002 0.5476950000000008 0.5624950000000009 0.5999270000000009 0.506561000000001 0.26543799999999984 0.21823600000000004 0.4664830000000003 0.36872799999999994 0.12641800000000034 0.2880150000000001 0.2797849999999994 0.09840700000000009 0.2675790000000004 0.1661890000000002 0.1041670000000003 0.23873500000000047 0.09458800000000027 0.16367899999999974 0.15637200000000034 0.10100100000000038 0.19615499999999994 0.09458300000000007 0.1653920000000001 0.11953600000000057 0.13356400000000007 0.17081700000000036 0.1197000000000001 0.20164399999999988 0.13468500000000025 0.19125099999999962 0.1535709999999998 0.17447600000000027 0.17877700000000024 0.16347099999999976 0.209414 0.16838900000000007 0.22495400000000015 0.17899100000000012 0.2100470000000001 0.19609400000000035 0.22226800000000016 0.2298330000000003 0.23019099999999956 0.24655400000000005 0.23193400000000078 0.25716799999999956 0.22972300000000062 0.25908599999999987 0.24104099999999964 0.2640540000000001 0.264217 0.264217 0.264217 0.264217 0.264217 0.264217 0.264217 0.264217 0.264217 0.264217 0.264217 0.264217 0.264217 0.264217 0.264217 0.264217 0.264217 0.264217 0.264217 0.264217 0.264217 0.264217 0.264217 0.264217 0.264217 0.264217 0.264217 0.264217 0.264217 0.264217 0.264217 0.264217 0.264217 0.264217 0.264217 0.264217 0.264217 0.264217 0.264217 0.264217 0.264217 0.264217 0.264217 0.264217 0.264217 0.264217 0.264217 0.264217
Best value of expected average significance:
0.09458300000000007
Expected median significance:
0.4180000000000003 0.5320000000000004 0.5740000000000004 0.5890000000000004 0.6260000000000004 0.5070000000000003 0.1530000000000001 0.11800000000000009 0.4300000000000003 0.3170000000000002 0.036000000000000025 0.21300000000000016 0.17400000000000013 0.03200000000000002 0.17300000000000013 0.06900000000000005 0.022000000000000013 0.1360000000000001 0.02000000000000001 0.058000000000000045 0.06500000000000004 0.02100000000000001 0.07500000000000005 0.01900000000000001 0.057000000000000044 0.022000000000000013 0.036000000000000025 0.057000000000000044 0.02000000000000001 0.07300000000000005 0.027000000000000017 0.06900000000000005 0.05100000000000004 0.05200000000000004 0.06900000000000005 0.05400000000000004 0.10100000000000008 0.04900000000000004 0.09800000000000007 0.05200000000000004 0.08700000000000006 0.07900000000000006 0.10800000000000008 0.10700000000000008 0.11400000000000009 0.12800000000000009 0.1210000000000001 0.1400000000000001 0.10400000000000008 0.1490000000000001 0.12700000000000009 0.1580000000000001 0.1560000000000001 0.1560000000000001 0.1560000000000001 0.1560000000000001 0.1560000000000001 0.1560000000000001 0.1560000000000001 0.1560000000000001 0.1560000000000001 0.1560000000000001 0.1560000000000001 0.1560000000000001 0.1560000000000001 0.1560000000000001 0.1560000000000001 0.1560000000000001 0.1560000000000001 0.1560000000000001 0.1560000000000001 0.1560000000000001 0.1560000000000001 0.1560000000000001 0.1560000000000001 0.1560000000000001 0.1560000000000001 0.1560000000000001 0.1560000000000001 0.1560000000000001 0.1560000000000001 0.1560000000000001 0.1560000000000001 0.1560000000000001 0.1560000000000001 0.1560000000000001 0.1560000000000001 0.1560000000000001 0.1560000000000001 0.1560000000000001 0.1560000000000001 0.1560000000000001 0.1560000000000001 0.1560000000000001 0.1560000000000001 0.1560000000000001 0.1560000000000001 0.1560000000000001 0.1560000000000001 0.1560000000000001
Best value of expected median significance:
0.01900000000000001